0 0.138281 0.405556 0.037500 0.066667
0 0.035937 0.618056 0.037500 0.066667
0 0.980859 0.420833 0.038281 0.069444
0 0.905469 0.645833 0.037500 0.066667
0 1.119531 0.662500 0.037500 0.066667
0 1.050000 0.522917 0.037500 0.073611
0 0.913281 0.420833 0.037500 0.069444
0 0.764844 0.383333 0.037500 0.066667
0 0.879688 0.419444 0.037500 0.066667
0 0.883594 0.420833 0.037500 0.050000
0 0.739063 0.637500 0.018750 0.063889
0 0.828906 0.519444 0.037500 0.066667
0 1.119531 0.662500 0.037500 0.066667
0 1.241406 0.676389 0.037500 0.066667
0 1.329688 0.652778 0.037500 0.066667
0 1.485547 0.405556 0.038281 0.066667
0 1.414063 0.659722 0.037500 0.066667
0 1.502344 0.539583 0.018750 0.079167
0 1.502344 0.711111 0.018750 0.069444
0 1.472656 0.709722 0.037500 0.066667
0 1.472656 0.709722 0.037500 0.066667
0 1.502344 0.679167 0.018750 0.066667
0 1.502344 0.679167 0.018750 0.066667
0 0.926563 0.519444 0.037500 0.066667
0 0.535938 0.518056 0.037500 0.069444
0 0.590625 0.419444 0.037500 0.066667
0 0.661719 0.669444 0.037500 0.066667
0 0.637500 0.372222 0.037500 0.066667
0 0.703125 0.379167 0.037500 0.066667
0 0.664063 0.616667 0.037500 0.066667
0 0.771094 0.386111 0.037500 0.066667
0 0.780469 0.638889 0.037500 0.066667
0 0.792969 0.633333 0.037500 0.066667
0 0.905469 0.645833 0.037500 0.066667
0 0.914063 0.643056 0.039063 0.066667
0 1.061719 0.402778 0.037500 0.066667
0 1.199219 0.766667 0.039063 0.066667
0 1.185156 0.515972 0.037500 0.079167
0 1.196875 0.650000 0.037500 0.066667
0 1.257813 0.409722 0.046875 0.066667
0 1.316016 0.650000 0.042969 0.066667
0 1.309375 0.426389 0.037500 0.066667
0 1.411328 0.402778 0.042969 0.066667
0 1.431250 0.650000 0.045312 0.066667
0 1.490234 0.539583 0.032031 0.079167
0 0.271484 0.359722 0.033594 0.066667
0 0.259375 0.507639 0.025000 0.062500
0 0.399219 0.361111 0.034375 0.069444
0 0.277344 0.502778 0.037500 0.066667
0 0.300000 0.626389 0.037500 0.066667
0 0.357812 0.624306 0.037500 0.076389
0 0.398047 0.638889 0.042969 0.066667
0 0.457031 0.643056 0.037500 0.066667
0 0.521094 0.629167 0.037500 0.066667
0 0.594531 0.419444 0.037500 0.066667
0 0.664063 0.619444 0.037500 0.066667
0 0.774219 0.638889 0.037500 0.066667
0 0.791406 0.627778 0.037500 0.069444
0 0.885156 0.419444 0.037500 0.066667
0 0.870313 0.659722 0.037500 0.066667
0 0.949219 0.682639 0.037500 0.073611
0 0.898438 0.645833 0.037500 0.066667
0 1.059375 0.676389 0.037500 0.066667
0 1.099219 0.672222 0.037500 0.066667
0 1.121875 0.662500 0.037500 0.066667
0 1.187109 0.650000 0.041406 0.066667
0 1.196875 0.651389 0.037500 0.069444
0 1.262500 0.419444 0.037500 0.066667
0 1.251172 0.419444 0.030469 0.066667
0 0.069141 0.616667 0.035156 0.066667
0 0.133984 0.622222 0.052344 0.066667
0 0.135937 0.408333 0.037500 0.066667
0 0.215625 0.400000 0.037500 0.066667
0 0.229687 0.438889 0.037500 0.066667
0 0.316016 0.412500 0.041406 0.066667
0 0.389844 0.512500 0.039063 0.066667
0 0.428906 0.422222 0.037500 0.066667
0 0.365625 0.620833 0.037500 0.069444
0 0.437500 0.602778 0.037500 0.066667
0 0.461719 0.619444 0.037500 0.066667
0 0.483594 0.643056 0.043750 0.066667
0 0.519531 0.627778 0.039063 0.066667
0 0.547656 0.630556 0.037500 0.066667
0 0.651563 0.427778 0.037500 0.066667
0 0.806250 0.629167 0.037500 0.066667
0 0.785938 0.633333 0.037500 0.066667
0 0.871094 0.646528 0.037500 0.073611
0 0.912500 0.650694 0.037500 0.076389
0 0.932813 0.662500 0.037500 0.066667
0 0.985547 0.666667 0.028906 0.066667
0 0.967578 0.452778 0.039844 0.066667