0 0.010156 0.459722 0.021875 0.052778
0 0.629688 0.369444 0.037500 0.066667
0 0.542188 0.633333 0.037500 0.066667
0 1.489062 0.451389 0.037500 0.069444
0 1.408594 0.643056 0.037500 0.066667
0 1.506250 0.679167 0.018750 0.066667
0 1.506250 0.442361 0.018750 0.073611
0 1.410156 0.418056 0.037500 0.069444
0 1.262500 0.416667 0.037500 0.066667
0 1.352344 0.452778 0.037500 0.066667
0 1.376563 0.420833 0.037500 0.050000
0 1.243750 0.614583 0.018750 0.062500
0 1.300000 0.533333 0.037500 0.066667
0 1.506250 0.679167 0.018750 0.066667
0 1.506250 0.705556 0.018750 0.066667
0 1.510938 0.652778 0.009375 0.066667
0 1.510938 0.405556 0.009375 0.066667
0 1.510938 0.659722 0.009375 0.066667
0 1.512891 0.539583 0.005469 0.079167
0 1.512891 0.711111 0.005469 0.069444
0 1.510938 0.709722 0.009375 0.066667
0 1.510938 0.709722 0.009375 0.066667
0 1.512891 0.679167 0.005469 0.066667
0 1.512891 0.679167 0.005469 0.066667
0 1.408594 0.550000 0.037500 0.066667
0 1.046875 0.527778 0.037500 0.069444
0 1.025781 0.400000 0.037500 0.066667
0 1.166406 0.612500 0.037500 0.066667
0 1.131250 0.422222 0.037500 0.066667
0 1.202344 0.412500 0.037500 0.066667
0 1.160937 0.605556 0.037500 0.066667
0 1.262500 0.416667 0.037500 0.066667
0 1.266016 0.533333 0.038281 0.066667
0 1.266016 0.533333 0.038281 0.066667
0 1.408594 0.643056 0.037500 0.066667
0 1.409375 0.643056 0.039063 0.066667
0 1.506250 0.419444 0.018750 0.066667
0 1.506250 0.786111 0.018750 0.066667
0 1.506250 0.539583 0.018750 0.079167
0 1.506250 0.659722 0.018750 0.066667
0 1.504297 0.426389 0.022656 0.066667
0 1.510156 0.650000 0.010937 0.066667
0 1.510938 0.426389 0.009375 0.066667
0 1.510156 0.402778 0.010937 0.066667
0 1.510156 0.650000 0.010937 0.066667
0 1.511719 0.539583 0.007813 0.079167
0 0.751953 0.383333 0.033594 0.066667
0 0.771484 0.481250 0.024219 0.062500
0 0.896484 0.418056 0.033594 0.069444
0 0.789844 0.512500 0.037500 0.066667
0 0.799219 0.638889 0.037500 0.066667
0 0.864844 0.600694 0.037500 0.076389
0 0.897266 0.595833 0.042969 0.066667
0 0.900000 0.600000 0.037500 0.066667
0 0.900000 0.600000 0.037500 0.066667
0 1.056250 0.393056 0.037500 0.066667
0 1.160937 0.605556 0.037500 0.066667
0 1.266016 0.533333 0.038281 0.066667
0 1.266016 0.534722 0.038281 0.069444
0 1.352344 0.452778 0.037500 0.066667
0 1.361719 0.702778 0.037500 0.066667
0 1.496875 0.706250 0.037500 0.073611
0 1.391406 0.702778 0.037500 0.066667
0 1.506250 0.676389 0.018750 0.066667
0 1.506250 0.669444 0.018750 0.066667
0 1.506250 0.679167 0.018750 0.066667
0 1.505078 0.652778 0.021094 0.066667
0 1.506250 0.661111 0.018750 0.069444
0 1.506250 0.462500 0.018750 0.066667
0 1.508203 0.462500 0.014844 0.066667
0 0.544531 0.633333 0.035937 0.066667
0 0.671484 0.609722 0.052344 0.066667
0 0.629688 0.369444 0.037500 0.066667
0 0.751953 0.383333 0.038281 0.066667
0 0.755469 0.383333 0.037500 0.066667
0 0.819531 0.416667 0.040625 0.066667
0 0.944141 0.519444 0.039844 0.066667
0 0.914844 0.416667 0.037500 0.066667
0 0.875781 0.651389 0.037500 0.069444
0 0.900000 0.600000 0.037500 0.066667
0 0.900000 0.600000 0.037500 0.066667
0 0.897266 0.595833 0.042969 0.066667
0 0.901172 0.600000 0.039844 0.066667
0 1.012500 0.609722 0.037500 0.066667
0 1.143750 0.426389 0.037500 0.066667
0 1.266016 0.533333 0.038281 0.066667
0 1.266016 0.533333 0.038281 0.066667
0 1.378906 0.699306 0.037500 0.073611
0 1.421875 0.647917 0.037500 0.076389
0 1.460938 0.705556 0.037500 0.066667
0 1.499609 0.705556 0.028906 0.066667
0 1.490234 0.450000 0.039844 0.066667
0 0.267187 0.359722 0.028125 0.066667
0 0.281250 0.516667 0.037500 0.066667
0 0.382422 0.359722 0.044531 0.066667
0 0.325781 0.513194 0.037500 0.073611
0 0.286719 0.664583 0.037500 0.070833
0 0.328125 0.629167 0.037500 0.066667
0 0.328125 0.629167 0.037500 0.066667
0 0.371875 0.629167 0.039063 0.066667
0 0.412500 0.629167 0.037500 0.066667
0 0.479687 0.633333 0.037500 0.066667
0 0.518359 0.629167 0.039844 0.066667
0 0.589063 0.627778 0.037500 0.069444
0 0.611328 0.419444 0.044531 0.066667
0 0.628125 0.422222 0.037500 0.066667
0 0.751953 0.383333 0.038281 0.066667
0 0.768750 0.379167 0.037500 0.066667
0 0.785937 0.650000 0.048438 0.066667
0 0.945313 0.519444 0.037500 0.066667
0 0.883203 0.416667 0.041406 0.066667
0 0.902344 0.599306 0.037500 0.079167
0 0.965625 0.602778 0.037500 0.066667
0 0.980859 0.602778 0.038281 0.066667
0 0.980859 0.602778 0.038281 0.066667
0 1.012500 0.609722 0.037500 0.066667
0 1.106250 0.383333 0.037500 0.066667
0 1.251953 0.612500 0.042969 0.066667
0 0.067969 0.502778 0.037500 0.066667
0 0.012891 0.602778 0.025781 0.066667
0 0.052344 0.618056 0.037500 0.066667
0 0.084375 0.568056 0.037500 0.066667
0 0.080469 0.613889 0.037500 0.066667
0 0.145312 0.611111 0.037500 0.077778
0 0.150000 0.394444 0.037500 0.066667
0 0.179688 0.411111 0.037500 0.066667
0 0.195703 0.433333 0.041406 0.066667
0 0.253125 0.550000 0.037500 0.066667
0 0.324219 0.408333 0.037500 0.066667
0 0.253125 0.622222 0.037500 0.066667
0 0.290625 0.591667 0.037500 0.066667
0 0.276562 0.629167 0.037500 0.066667
0 0.292969 0.530556 0.037500 0.066667
0 0.351563 0.546528 0.037500 0.073611
0 0.327344 0.409722 0.037500 0.066667
0 0.337500 0.618056 0.037500 0.083333
0 0.360156 0.636111 0.037500 0.080556
0 0.428906 0.633333 0.037500 0.066667
0 0.456250 0.636111 0.037500 0.066667
0 0.526563 0.627778 0.037500 0.066667
0 0.546484 0.422222 0.041406 0.066667
0 0.578125 0.416667 0.037500 0.066667
0 0.706641 0.430556 0.042969 0.066667
0 0.763281 0.433333 0.037500 0.066667
0 0.776563 0.652778 0.037500 0.066667
0 0.875000 0.437500 0.037500 0.066667
0 0.909375 0.520833 0.037500 0.066667
0 0.915234 0.654167 0.042969 0.066667
0 0.927344 0.608333 0.037500 0.066667
0 0.949219 0.633333 0.037500 0.066667
0 0.962109 0.661111 0.039844 0.066667
0 0.982422 0.661111 0.035156 0.066667