0 0.059375 0.394444 0.037500 0.069444
0 0.059766 0.616667 0.039844 0.066667
0 0.122656 0.388889 0.037500 0.066667
0 0.162500 0.620833 0.037500 0.066667
0 0.184375 0.486111 0.028125 0.066667
0 0.458984 0.529167 0.022656 0.052778
0 1.001562 0.409722 0.037500 0.066667
0 0.902344 0.643056 0.037500 0.066667
0 1.353125 0.451389 0.009375 0.069444
0 1.353125 0.643056 0.009375 0.066667
0 1.355078 0.679167 0.005469 0.066667
0 1.355078 0.442361 0.005469 0.073611
0 1.353125 0.418056 0.009375 0.069444
0 1.348437 0.443056 0.018750 0.066667
0 1.353125 0.452778 0.009375 0.066667
0 1.353125 0.420833 0.009375 0.050000
0 1.353125 0.614583 0.009375 0.062500
0 1.353125 0.533333 0.009375 0.066667
0 1.355078 0.679167 0.005469 0.066667
0 1.355078 0.705556 0.005469 0.066667
0 1.357031 0.652778 0.001563 0.066667
0 1.357031 0.405556 0.001563 0.066667
0 1.357031 0.659722 0.001563 0.066667
0 1.357031 0.539583 0.001563 0.079167
0 1.357031 0.711111 0.001563 0.069444
0 1.357031 0.709722 0.001563 0.066667
0 1.357031 0.709722 0.001563 0.066667
0 1.357031 0.679167 0.001563 0.066667
0 1.357031 0.679167 0.001563 0.066667
0 1.353125 0.550000 0.009375 0.066667
0 1.348437 0.527778 0.018750 0.069444
0 1.348437 0.400000 0.018750 0.066667
0 1.348437 0.629167 0.018750 0.066667
0 1.348437 0.450000 0.018750 0.066667
0 1.348437 0.443056 0.018750 0.066667
0 1.348437 0.643056 0.018750 0.066667
0 1.348437 0.443056 0.018750 0.066667
0 1.348437 0.538889 0.018750 0.066667
0 1.348437 0.538889 0.018750 0.066667
0 1.353125 0.643056 0.009375 0.066667
0 1.353125 0.643056 0.009375 0.066667
0 1.355078 0.419444 0.005469 0.066667
0 1.355078 0.786111 0.005469 0.066667
0 1.355078 0.539583 0.005469 0.079167
0 1.355078 0.659722 0.005469 0.066667
0 1.355078 0.426389 0.005469 0.066667
0 1.357031 0.650000 0.001563 0.066667
0 1.357031 0.426389 0.001563 0.066667
0 1.357031 0.402778 0.001563 0.066667
0 1.357031 0.650000 0.001563 0.066667
0 1.357031 0.539583 0.001563 0.079167
0 1.162891 0.452778 0.033594 0.066667
0 1.197266 0.418056 0.024219 0.063889
0 1.299609 0.444444 0.033594 0.069444
0 1.221094 0.416667 0.037500 0.066667
0 1.230469 0.700000 0.037500 0.066667
0 1.303906 0.627778 0.037500 0.077778
0 1.334766 0.616667 0.042969 0.066667
0 1.328125 0.616667 0.037500 0.066667
0 1.328125 0.616667 0.037500 0.066667
0 1.348437 0.400000 0.018750 0.066667
0 1.348437 0.643056 0.018750 0.066667
0 1.348437 0.538889 0.018750 0.066667
0 1.348437 0.544444 0.018750 0.069444
0 1.353125 0.452778 0.009375 0.066667
0 1.353125 0.702778 0.009375 0.066667
0 1.353125 0.706250 0.009375 0.073611
0 1.353125 0.702778 0.009375 0.066667
0 1.355078 0.676389 0.005469 0.066667
0 1.355078 0.669444 0.005469 0.066667
0 1.355078 0.679167 0.005469 0.066667
0 1.355078 0.652778 0.005469 0.066667
0 1.355078 0.661111 0.005469 0.069444
0 1.355078 0.462500 0.005469 0.066667
0 1.355859 0.462500 0.003906 0.066667
0 0.903125 0.643056 0.035937 0.066667
0 1.126953 0.493056 0.052344 0.066667
0 1.001562 0.409722 0.037500 0.066667
0 1.166406 0.452778 0.037500 0.066667
0 1.166406 0.452778 0.037500 0.066667
0 1.256641 0.412500 0.041406 0.066667
0 1.308203 0.533333 0.039844 0.066667
0 1.348437 0.429167 0.018750 0.066667
0 1.292188 0.704167 0.037500 0.069444
0 1.328125 0.616667 0.037500 0.066667
0 1.328125 0.616667 0.037500 0.066667
0 1.334766 0.616667 0.042969 0.066667
0 1.338281 0.616667 0.039063 0.066667
0 1.348437 0.583333 0.018750 0.066667
0 1.348437 0.426389 0.018750 0.066667
0 1.348437 0.538889 0.018750 0.066667
0 1.348437 0.538889 0.018750 0.066667
0 1.353125 0.699306 0.009375 0.073611
0 1.353125 0.647917 0.009375 0.076389
0 1.353125 0.705556 0.009375 0.066667
0 1.354297 0.705556 0.007031 0.066667
0 1.353125 0.450000 0.009375 0.066667
0 0.689063 0.376389 0.028125 0.066667
0 0.699219 0.512500 0.037500 0.066667
0 0.812109 0.412500 0.044531 0.066667
0 0.740625 0.515972 0.037500 0.073611
0 0.697656 0.677778 0.037500 0.069444
0 0.731250 0.633333 0.037500 0.066667
0 0.731250 0.633333 0.037500 0.066667
0 0.826172 0.643056 0.039844 0.066667
0 0.827344 0.643056 0.037500 0.066667
0 0.853125 0.645833 0.037500 0.066667
0 0.946094 0.516667 0.039063 0.066667
0 0.996094 0.537500 0.037500 0.069444
0 0.986719 0.409722 0.045312 0.066667
0 1.063281 0.416667 0.037500 0.066667
0 1.166406 0.452778 0.037500 0.066667
0 1.166406 0.452778 0.037500 0.066667
0 1.207812 0.676389 0.048438 0.066667
0 1.322656 0.536111 0.037500 0.066667
0 1.267578 0.452778 0.041406 0.066667
0 1.339063 0.619444 0.037500 0.080556
0 1.348437 0.576389 0.018750 0.066667
0 1.348437 0.593056 0.018750 0.066667
0 1.348437 0.593056 0.018750 0.066667
0 1.348437 0.583333 0.018750 0.066667
0 1.348437 0.400000 0.018750 0.066667
0 1.347656 0.616667 0.020313 0.066667
0 0.515625 0.522222 0.037500 0.066667
0 0.429297 0.619444 0.025781 0.066667
0 0.526563 0.619444 0.037500 0.066667
0 0.515625 0.522222 0.037500 0.066667
0 0.530469 0.619444 0.037500 0.066667
0 0.557031 0.677778 0.037500 0.077778
0 0.579688 0.362500 0.037500 0.066667
0 0.579688 0.362500 0.037500 0.066667
0 0.579297 0.362500 0.041406 0.066667
0 0.657813 0.526389 0.037500 0.066667
0 0.688281 0.383333 0.037500 0.066667
0 0.689844 0.650000 0.037500 0.066667
0 0.707031 0.636111 0.037500 0.066667
0 0.707031 0.636111 0.037500 0.066667
0 0.740625 0.516667 0.037500 0.066667
0 0.740625 0.515972 0.037500 0.073611
0 0.689844 0.383333 0.037500 0.066667
0 0.736719 0.584722 0.037500 0.083333
0 0.783594 0.643056 0.037500 0.080556
0 0.827344 0.643056 0.037500 0.066667
0 0.827344 0.643056 0.037500 0.066667
0 0.903906 0.533333 0.037500 0.066667
0 0.944922 0.416667 0.041406 0.066667
0 0.982813 0.400000 0.037500 0.066667
0 1.105859 0.409722 0.042969 0.066667
0 1.190625 0.455556 0.037500 0.066667
0 1.196875 0.676389 0.037500 0.066667
0 1.269531 0.416667 0.037500 0.066667
0 1.322656 0.536111 0.037500 0.066667
0 1.336328 0.705556 0.042969 0.066667
0 1.328125 0.616667 0.037500 0.066667
0 1.339063 0.705556 0.037500 0.066667
0 1.348437 0.662500 0.018750 0.066667
0 1.349609 0.676389 0.016406 0.066667
0 0.213281 0.621528 0.045312 0.056944
0 0.239844 0.509722 0.037500 0.066667
0 0.232031 0.619444 0.037500 0.066667
0 0.282031 0.512500 0.046875 0.066667
0 0.363281 0.626389 0.037500 0.066667
0 0.403125 0.516667 0.037500 0.066667
0 0.427344 0.593056 0.037500 0.066667
0 0.438281 0.619444 0.037500 0.066667
0 0.510938 0.409722 0.039063 0.066667
0 0.558594 0.412500 0.037500 0.066667
0 0.601563 0.419444 0.037500 0.066667
0 0.600000 0.676389 0.037500 0.066667
0 0.528906 0.622222 0.037500 0.066667
0 0.535938 0.619444 0.037500 0.066667
0 0.600000 0.609722 0.037500 0.066667
0 0.684375 0.376389 0.037500 0.066667
0 0.699219 0.516667 0.037500 0.066667
0 0.664063 0.633333 0.037500 0.066667
0 0.707031 0.636111 0.037500 0.066667
0 0.740625 0.515972 0.037500 0.079167
0 0.729688 0.633333 0.037500 0.066667
0 0.783594 0.643056 0.037500 0.066667
0 0.740625 0.517361 0.037500 0.076389
0 0.838281 0.639583 0.037500 0.073611
0 0.903906 0.645833 0.040625 0.066667
0 0.927344 0.419444 0.043750 0.066667
0 0.973438 0.402778 0.037500 0.066667
0 1.106250 0.409722 0.037500 0.066667
0 1.150000 0.650000 0.037500 0.066667
0 1.160937 0.452778 0.034375 0.066667
0 0.189062 0.409722 0.037500 0.066667
0 0.196875 0.625000 0.037500 0.066667
0 0.244531 0.612500 0.037500 0.066667
0 0.264062 0.629167 0.037500 0.066667
0 0.317969 0.597222 0.037500 0.066667
0 0.346094 0.618056 0.037500 0.069444
0 0.375000 0.627778 0.037500 0.066667
0 0.413281 0.634722 0.037500 0.066667
0 0.496094 0.468056 0.037500 0.066667
0 0.496094 0.618056 0.037500 0.066667
0 0.549219 0.626389 0.037500 0.066667
0 0.552344 0.626389 0.037500 0.066667
0 0.659375 0.422222 0.037500 0.066667
0 0.594531 0.422222 0.037500 0.066667
0 0.627344 0.637500 0.037500 0.066667
0 0.594141 0.634722 0.042969 0.066667
0 0.564063 0.433333 0.037500 0.066667
0 0.714063 0.602778 0.037500 0.066667
0 0.767188 0.438889 0.037500 0.066667
0 0.731250 0.641667 0.043750 0.066667
0 0.766016 0.644444 0.038281 0.069444
0 0.780469 0.581250 0.037500 0.076389
0 0.814063 0.564583 0.037500 0.070833
0 0.823047 0.612500 0.042969 0.066667
0 0.854297 0.651389 0.044531 0.066667
0 0.870313 0.565972 0.037500 0.079167
0 0.939844 0.652778 0.046875 0.066667
0 0.978125 0.444444 0.037500 0.069444