0 0.395313 0.359722 0.037500 0.066667
0 0.294531 0.626389 0.037500 0.066667
0 1.230469 0.431250 0.037500 0.070833
0 1.155469 0.645833 0.037500 0.066667
0 1.376563 0.679167 0.037500 0.066667
0 1.286719 0.442361 0.037500 0.073611
0 1.168750 0.420833 0.037500 0.069444
0 1.003125 0.383333 0.037500 0.066667
0 1.127344 0.409722 0.037500 0.066667
0 1.131250 0.425000 0.037500 0.050000
0 0.988281 0.607639 0.018750 0.062500
0 1.053906 0.526389 0.037500 0.066667
0 1.376563 0.679167 0.037500 0.066667
0 1.463281 0.705556 0.037500 0.066667
0 1.502344 0.652778 0.018750 0.066667
0 1.502344 0.405556 0.018750 0.066667
0 1.502344 0.659722 0.018750 0.066667
0 1.507031 0.539583 0.009375 0.079167
0 1.507031 0.711111 0.009375 0.069444
0 1.502344 0.709722 0.018750 0.066667
0 1.502344 0.709722 0.018750 0.066667
0 1.507031 0.679167 0.009375 0.066667
0 1.507031 0.679167 0.009375 0.066667
0 1.178125 0.536111 0.037500 0.066667
0 0.771094 0.527778 0.037500 0.069444
0 0.817969 0.422222 0.037500 0.066667
0 0.914844 0.633333 0.037500 0.066667
0 0.885156 0.419444 0.037500 0.066667
0 0.952344 0.419444 0.037500 0.066667
0 0.889063 0.633333 0.037500 0.066667
0 1.003125 0.383333 0.037500 0.066667
0 1.012500 0.609722 0.037500 0.066667
0 1.012500 0.609722 0.037500 0.066667
0 1.155469 0.645833 0.037500 0.066667
0 1.156250 0.650000 0.039063 0.066667
0 1.314844 0.419444 0.037500 0.066667
0 1.452734 0.786111 0.039844 0.066667
0 1.423438 0.539583 0.037500 0.079167
0 1.457031 0.659722 0.037500 0.066667
0 1.489062 0.426389 0.045312 0.066667
0 1.500391 0.650000 0.022656 0.066667
0 1.502344 0.426389 0.018750 0.066667
0 1.500391 0.402778 0.022656 0.066667
0 1.500391 0.650000 0.022656 0.066667
0 1.503125 0.539583 0.017188 0.079167
0 0.511719 0.412500 0.034375 0.066667
0 0.514453 0.514583 0.024219 0.062500
0 0.648828 0.370833 0.033594 0.069444
0 0.532813 0.512500 0.037500 0.066667
0 0.558594 0.629167 0.037500 0.066667
0 0.613281 0.624306 0.037500 0.076389
0 0.670312 0.616667 0.043750 0.066667
0 0.671094 0.616667 0.037500 0.066667
0 0.675000 0.619444 0.037500 0.066667
0 0.821094 0.422222 0.037500 0.066667
0 0.889063 0.633333 0.037500 0.066667
0 1.012500 0.609722 0.037500 0.066667
0 1.012500 0.611111 0.037500 0.069444
0 1.128906 0.409722 0.037500 0.066667
0 1.103125 0.700000 0.037500 0.066667
0 1.241406 0.679861 0.037500 0.073611
0 1.147656 0.650000 0.037500 0.066667
0 1.309375 0.676389 0.037500 0.066667
0 1.328125 0.669444 0.037500 0.066667
0 1.376563 0.679167 0.037500 0.066667
0 1.448047 0.652778 0.041406 0.066667
0 1.457031 0.661111 0.037500 0.069444
0 1.478125 0.462500 0.037500 0.066667
0 1.491016 0.462500 0.030469 0.066667
0 0.304688 0.626389 0.035937 0.066667
0 0.374609 0.626389 0.052344 0.066667
0 0.395313 0.359722 0.037500 0.066667
0 0.483594 0.405556 0.037500 0.066667
0 0.498437 0.405556 0.037500 0.066667
0 0.577734 0.419444 0.041406 0.066667
0 0.670312 0.533333 0.039063 0.066667
0 0.667188 0.422222 0.037500 0.066667
0 0.622656 0.620833 0.037500 0.069444
0 0.671094 0.616667 0.037500 0.066667
0 0.671094 0.616667 0.037500 0.066667
0 0.670312 0.616667 0.043750 0.066667
0 0.674219 0.616667 0.039063 0.066667
0 0.783594 0.629167 0.037500 0.066667
0 0.907813 0.419444 0.037500 0.066667
0 1.012500 0.609722 0.037500 0.066667
0 1.012500 0.609722 0.037500 0.066667
0 1.108594 0.642361 0.037500 0.073611
0 1.159375 0.604861 0.037500 0.076389
0 1.203906 0.659722 0.037500 0.066667
0 1.240625 0.679167 0.028125 0.066667
0 1.227344 0.429167 0.039063 0.066667
0 0.014453 0.395833 0.028906 0.066667
0 0.033594 0.516667 0.037500 0.066667
0 0.124219 0.402778 0.045312 0.066667
0 0.087500 0.532639 0.037500 0.073611
0 0.047656 0.607639 0.037500 0.070833
0 0.090625 0.620833 0.037500 0.066667
0 0.075781 0.618056 0.037500 0.066667
0 0.142187 0.627778 0.039063 0.066667
0 0.164844 0.629167 0.037500 0.066667
0 0.232031 0.629167 0.037500 0.066667
0 0.267969 0.637500 0.039063 0.066667
0 0.332813 0.627778 0.037500 0.069444
0 0.347656 0.411111 0.045312 0.066667
0 0.392969 0.416667 0.037500 0.066667
0 0.490234 0.425000 0.038281 0.066667
0 0.538281 0.426389 0.037500 0.066667
0 0.572656 0.641667 0.048438 0.066667
0 0.652344 0.513889 0.037500 0.066667
0 0.651562 0.430556 0.040625 0.066667
0 0.689063 0.612500 0.037500 0.080556
0 0.703125 0.616667 0.037500 0.066667
0 0.720313 0.630556 0.037500 0.066667
0 0.734375 0.651389 0.037500 0.066667
0 0.786719 0.641667 0.037500 0.066667
0 0.846094 0.441667 0.037500 0.066667
0 0.969531 0.661111 0.043750 0.066667