0 0.077344 0.511111 0.037500 0.069444
0 0.171094 0.636111 0.037500 0.066667
0 0.407812 0.655556 0.037500 0.066667
0 0.318750 0.499306 0.037500 0.073611
0 0.217187 0.468056 0.037500 0.069444
0 0.034375 0.411111 0.037500 0.066667
0 0.142969 0.419444 0.037500 0.066667
0 0.173437 0.420833 0.037500 0.050000
0 0.008203 0.618056 0.017969 0.063889
0 0.096094 0.536111 0.037500 0.066667
0 0.465625 0.659722 0.037500 0.066667
0 0.550000 0.659722 0.037500 0.066667
0 0.589063 0.654167 0.037500 0.066667
0 0.769531 0.447222 0.037500 0.066667
0 0.676563 0.652778 0.037500 0.066667
0 0.805469 0.626389 0.037500 0.080556
0 0.825000 0.668056 0.037500 0.069444
0 0.708594 0.627778 0.037500 0.066667
0 0.694531 0.672222 0.037500 0.066667
0 0.891406 0.672222 0.037500 0.066667
0 0.917188 0.675000 0.037500 0.066667
0 0.180469 0.466667 0.037500 0.066667