0 0.624219 0.437500 0.037500 0.069444
0 0.656250 0.619444 0.037500 0.066667
0 0.875781 0.600000 0.037500 0.066667
0 0.825000 0.519444 0.037500 0.072222
0 0.676563 0.437500 0.037500 0.069444
0 0.521094 0.426389 0.037500 0.066667
0 0.629688 0.376389 0.037500 0.066667
0 0.637500 0.444444 0.037500 0.050000
0 0.504297 0.637500 0.019531 0.063889
0 0.577344 0.522222 0.037500 0.066667
0 0.875781 0.600000 0.037500 0.066667
0 1.016406 0.652778 0.037500 0.066667
0 1.078125 0.662500 0.037500 0.066667
0 1.237891 0.416667 0.038281 0.066667
0 1.157031 0.659722 0.037500 0.066667
0 1.290625 0.539583 0.037500 0.079167
0 1.303906 0.707639 0.037500 0.070833
0 1.198438 0.676389 0.037500 0.066667
0 1.198438 0.676389 0.037500 0.066667
0 1.400781 0.679167 0.037500 0.066667
0 1.400781 0.679167 0.037500 0.066667
0 0.671094 0.533333 0.037500 0.066667
0 0.281250 0.494444 0.037500 0.069444
0 0.333594 0.366667 0.037500 0.066667
0 0.382031 0.633333 0.037500 0.066667
0 0.410156 0.366667 0.037500 0.066667
0 0.447656 0.376389 0.037500 0.066667
0 0.451562 0.645833 0.037500 0.066667
0 0.545313 0.438889 0.037500 0.066667
0 0.564063 0.636111 0.037500 0.066667
0 0.579688 0.633333 0.037500 0.066667
0 0.656250 0.619444 0.037500 0.066667
0 0.662891 0.619444 0.039844 0.066667
0 0.806250 0.416667 0.037500 0.066667
0 0.959375 0.759722 0.039063 0.066667
0 0.937500 0.522917 0.037500 0.079167
0 0.946875 0.638889 0.037500 0.066667
0 1.004297 0.405556 0.047656 0.066667
0 1.025000 0.693056 0.043750 0.066667
0 1.068750 0.405556 0.037500 0.066667
0 1.197266 0.416667 0.042969 0.066667
0 1.153516 0.655556 0.044531 0.066667
0 1.237109 0.569444 0.032031 0.080556
0 0.017188 0.402778 0.034375 0.066667
0 0.009375 0.487500 0.023438 0.063889
0 0.148828 0.407639 0.033594 0.070833
0 0.035937 0.570833 0.037500 0.066667
0 0.043750 0.616667 0.037500 0.066667
0 0.138281 0.624306 0.037500 0.076389
0 0.166797 0.634722 0.042969 0.066667
0 0.217187 0.637500 0.037500 0.066667
0 0.254688 0.630556 0.037500 0.066667
0 0.343750 0.418056 0.037500 0.066667
0 0.463281 0.643056 0.037500 0.066667
0 0.539063 0.636111 0.037500 0.066667
0 0.564063 0.618056 0.037500 0.069444
0 0.636719 0.434722 0.037500 0.066667
0 0.641406 0.616667 0.037500 0.066667
0 0.712500 0.649306 0.037500 0.073611
0 0.646875 0.651389 0.037500 0.066667
0 0.810156 0.652778 0.037500 0.066667
0 0.835156 0.654167 0.037500 0.066667
0 0.889063 0.663889 0.037500 0.066667
0 0.946094 0.669444 0.040625 0.066667
0 0.947656 0.631250 0.037500 0.070833
0 0.974219 0.451389 0.037500 0.066667
0 0.984766 0.458333 0.030469 0.066667