0 0.348438 0.474306 0.037500 0.070833
0 0.412500 0.650000 0.037500 0.066667
0 0.664063 0.629167 0.037500 0.066667
0 0.570313 0.532639 0.037500 0.073611
0 0.442188 0.431250 0.037500 0.070833
0 0.277344 0.372222 0.037500 0.066667
0 0.397656 0.376389 0.037500 0.066667
0 0.391406 0.413889 0.037500 0.050000
0 0.253125 0.634722 0.018750 0.063889
0 0.360156 0.522222 0.037500 0.066667
0 0.664063 0.629167 0.037500 0.066667
0 0.780469 0.659722 0.037500 0.066667
0 0.849219 0.666667 0.037500 0.066667
0 1.010938 0.479167 0.037500 0.066667
0 0.926563 0.655556 0.037500 0.066667
0 1.046875 0.609722 0.037500 0.080556
0 1.072656 0.718056 0.037500 0.069444
0 0.946875 0.662500 0.037500 0.066667
0 0.945313 0.662500 0.037500 0.066667
0 1.147656 0.676389 0.037500 0.066667
0 1.150000 0.676389 0.037500 0.066667
0 0.419531 0.505556 0.037500 0.066667
0 0.026562 0.490972 0.037500 0.070833
0 0.098437 0.413889 0.037500 0.066667
0 0.145312 0.637500 0.037500 0.066667
0 0.164844 0.413889 0.037500 0.066667
0 0.214062 0.419444 0.037500 0.066667
0 0.216406 0.645833 0.037500 0.066667
0 0.306250 0.427778 0.037500 0.066667
0 0.307031 0.658333 0.037500 0.066667
0 0.337500 0.647222 0.037500 0.066667
0 0.437500 0.659722 0.037500 0.066667
0 0.480078 0.652778 0.039844 0.066667
0 0.565625 0.438889 0.037500 0.066667
0 0.682422 0.669444 0.039844 0.066667
0 0.732031 0.539583 0.037500 0.079167
0 0.732031 0.669444 0.037500 0.066667
0 0.774219 0.443056 0.046875 0.066667
0 0.785547 0.670833 0.042969 0.066667
0 0.821094 0.459722 0.037500 0.066667
0 0.919141 0.454167 0.042969 0.066667
0 0.925391 0.676389 0.044531 0.066667
0 0.983984 0.602778 0.032031 0.080556