0 0.014453 0.544444 0.028906 0.066667
0 0.280859 0.543056 0.022656 0.052778
0 0.849219 0.412500 0.037500 0.066667
0 0.746094 0.633333 0.037500 0.066667
0 1.506250 0.451389 0.018750 0.069444
0 1.506250 0.643056 0.018750 0.066667
0 1.510938 0.679167 0.009375 0.066667
0 1.510938 0.442361 0.009375 0.073611
0 1.506250 0.418056 0.018750 0.069444
0 1.487500 0.443056 0.037500 0.066667
0 1.506250 0.452778 0.018750 0.066667
0 1.506250 0.420833 0.018750 0.050000
0 1.498437 0.614583 0.018750 0.062500
0 1.506250 0.533333 0.018750 0.066667
0 1.510938 0.679167 0.009375 0.066667
0 1.510938 0.705556 0.009375 0.066667
0 1.512891 0.652778 0.005469 0.066667
0 1.512891 0.405556 0.005469 0.066667
0 1.512891 0.659722 0.005469 0.066667
0 1.513672 0.539583 0.003906 0.079167
0 1.513672 0.711111 0.003906 0.069444
0 1.512891 0.709722 0.005469 0.066667
0 1.512891 0.709722 0.005469 0.066667
0 1.513672 0.679167 0.003906 0.066667
0 1.513672 0.679167 0.003906 0.066667
0 1.506250 0.550000 0.018750 0.066667
0 1.303906 0.527778 0.037500 0.069444
0 1.264063 0.400000 0.037500 0.066667
0 1.442187 0.629167 0.037500 0.066667
0 1.333594 0.450000 0.037500 0.066667
0 1.446094 0.443056 0.037500 0.066667
0 1.423438 0.643056 0.037500 0.066667
0 1.487500 0.443056 0.037500 0.066667
0 1.485547 0.538889 0.038281 0.066667
0 1.485547 0.538889 0.038281 0.066667
0 1.506250 0.643056 0.018750 0.066667
0 1.506250 0.643056 0.018750 0.066667
0 1.510938 0.419444 0.009375 0.066667
0 1.510938 0.786111 0.009375 0.066667
0 1.510938 0.539583 0.009375 0.079167
0 1.510938 0.659722 0.009375 0.066667
0 1.510156 0.426389 0.010937 0.066667
0 1.512891 0.650000 0.005469 0.066667
0 1.512891 0.426389 0.005469 0.066667
0 1.512891 0.402778 0.005469 0.066667
0 1.512891 0.650000 0.005469 0.066667
0 1.513672 0.539583 0.003906 0.079167
0 1.010938 0.388889 0.034375 0.066667
0 1.015625 0.431250 0.025000 0.062500
0 1.130859 0.424306 0.033594 0.070833
0 1.046875 0.516667 0.037500 0.066667
0 1.056250 0.669444 0.037500 0.066667
0 1.121875 0.614583 0.037500 0.076389
0 1.152734 0.605556 0.042969 0.066667
0 1.151563 0.605556 0.037500 0.066667
0 1.151563 0.605556 0.037500 0.066667
0 1.309375 0.400000 0.037500 0.066667
0 1.423438 0.643056 0.037500 0.066667
0 1.485547 0.538889 0.038281 0.066667
0 1.485547 0.540972 0.038281 0.070833
0 1.506250 0.452778 0.018750 0.066667
0 1.506250 0.702778 0.018750 0.066667
0 1.506250 0.706250 0.018750 0.073611
0 1.506250 0.702778 0.018750 0.066667
0 1.510938 0.676389 0.009375 0.066667
0 1.510938 0.669444 0.009375 0.066667
0 1.510938 0.679167 0.009375 0.066667
0 1.510938 0.652778 0.009375 0.066667
0 1.510938 0.661111 0.009375 0.069444
0 1.510938 0.462500 0.009375 0.066667
0 1.511719 0.462500 0.007813 0.066667
0 0.747266 0.633333 0.035156 0.066667
0 0.960156 0.522222 0.053125 0.066667
0 0.849219 0.412500 0.037500 0.066667
0 1.012500 0.388889 0.037500 0.066667
0 1.012500 0.388889 0.037500 0.066667
0 1.067187 0.383333 0.040625 0.066667
0 1.180469 0.505556 0.039063 0.066667
0 1.203906 0.429167 0.037500 0.066667
0 1.103125 0.690972 0.037500 0.070833
0 1.151563 0.605556 0.037500 0.066667
0 1.151563 0.605556 0.037500 0.066667
0 1.152734 0.605556 0.042969 0.066667
0 1.152344 0.605556 0.039063 0.066667
0 1.269531 0.583333 0.037500 0.066667
0 1.382031 0.426389 0.037500 0.066667
0 1.485547 0.538889 0.038281 0.066667
0 1.485547 0.538889 0.038281 0.066667
0 1.506250 0.699306 0.018750 0.073611
0 1.506250 0.647917 0.018750 0.076389
0 1.506250 0.705556 0.018750 0.066667
0 1.508203 0.705556 0.014844 0.066667
0 1.506250 0.450000 0.018750 0.066667
0 0.514844 0.402778 0.028125 0.066667
0 0.534375 0.519444 0.037500 0.066667
0 0.646875 0.366667 0.045312 0.066667
0 0.590625 0.509028 0.037500 0.073611
0 0.553125 0.670833 0.037500 0.069444
0 0.589063 0.629167 0.037500 0.066667
0 0.589063 0.629167 0.037500 0.066667
0 0.653516 0.616667 0.039844 0.066667
0 0.664063 0.612500 0.037500 0.066667
0 0.685938 0.619444 0.037500 0.066667
0 0.715234 0.619444 0.039844 0.066667
0 0.858594 0.647917 0.037500 0.070833
0 0.815625 0.412500 0.045312 0.066667
0 0.867969 0.416667 0.037500 0.066667
0 1.012500 0.388889 0.037500 0.066667
0 1.012500 0.388889 0.037500 0.066667
0 1.029687 0.686111 0.048438 0.066667
0 1.179688 0.509722 0.037500 0.066667
0 1.114062 0.426389 0.040625 0.066667
0 1.157031 0.606250 0.037500 0.079167
0 1.222656 0.576389 0.037500 0.066667
0 1.237891 0.593056 0.038281 0.066667
0 1.237891 0.593056 0.038281 0.066667
0 1.269531 0.583333 0.037500 0.066667
0 1.341406 0.400000 0.037500 0.066667
0 1.494922 0.616667 0.041406 0.066667
0 0.307031 0.505556 0.037500 0.066667
0 0.258594 0.622222 0.026562 0.066667
0 0.314844 0.619444 0.037500 0.066667
0 0.328125 0.529167 0.037500 0.066667
0 0.353906 0.622222 0.037500 0.066667
0 0.367188 0.667361 0.037500 0.076389
0 0.395313 0.359722 0.037500 0.066667
0 0.416406 0.379167 0.037500 0.066667
0 0.399219 0.372222 0.040625 0.066667
0 0.492969 0.579167 0.037500 0.066667
0 0.570313 0.409722 0.037500 0.066667
0 0.530469 0.612500 0.037500 0.066667
0 0.573438 0.633333 0.037500 0.066667
0 0.554688 0.629167 0.037500 0.066667
0 0.575781 0.519444 0.037500 0.066667
0 0.596094 0.502778 0.037500 0.072222
0 0.582813 0.412500 0.037500 0.066667
0 0.589063 0.630556 0.037500 0.083333
0 0.620313 0.639583 0.037500 0.079167
0 0.664063 0.612500 0.037500 0.066667
0 0.664063 0.612500 0.037500 0.066667
0 0.717969 0.619444 0.037500 0.066667
0 0.766797 0.376389 0.041406 0.066667
0 0.815625 0.412500 0.037500 0.066667
0 0.908594 0.416667 0.043750 0.066667
0 1.020312 0.429167 0.037500 0.066667
0 1.029688 0.686111 0.037500 0.066667
0 1.099219 0.426389 0.037500 0.066667
0 1.179688 0.509722 0.037500 0.066667
0 1.180859 0.669444 0.042969 0.066667
0 1.151563 0.605556 0.037500 0.066667
0 1.196875 0.669444 0.037500 0.066667
0 1.212500 0.662500 0.039063 0.066667
0 1.243359 0.676389 0.033594 0.066667
0 0.012109 0.617361 0.044531 0.056944
0 0.062500 0.562500 0.037500 0.066667
0 0.067187 0.612500 0.037500 0.066667
0 0.103125 0.563889 0.046875 0.066667
0 0.185937 0.622222 0.037500 0.066667
0 0.249219 0.469444 0.037500 0.066667
0 0.250000 0.601389 0.037500 0.066667
0 0.261328 0.627778 0.038281 0.066667
0 0.356250 0.409722 0.039063 0.066667
0 0.393750 0.416667 0.037500 0.066667
0 0.437500 0.413889 0.037500 0.066667
0 0.424219 0.630556 0.037500 0.066667
0 0.356250 0.586111 0.037500 0.066667
0 0.358594 0.629167 0.037500 0.066667
0 0.480859 0.605556 0.038281 0.066667
0 0.525000 0.413889 0.037500 0.066667
0 0.518750 0.558333 0.037500 0.066667
0 0.513672 0.626389 0.038281 0.066667
0 0.549219 0.601389 0.037500 0.066667
0 0.561719 0.543056 0.037500 0.080556
0 0.578125 0.609722 0.037500 0.066667
0 0.613281 0.650000 0.037500 0.066667
0 0.621875 0.554861 0.037500 0.076389
0 0.660938 0.632639 0.037500 0.073611
0 0.739453 0.645833 0.041406 0.066667
0 0.766797 0.430556 0.042969 0.066667
0 0.796094 0.427778 0.037500 0.066667
0 0.923438 0.441667 0.037500 0.066667
0 0.975000 0.655556 0.037500 0.066667
0 0.982812 0.441667 0.034375 0.066667