0 0.04461275445292621 0.6259397457158652 0.07557251908396947 0.07327001356852107
0 0.025147105597964372 0.19039022061410124 0.04732824427480916 0.10040705563093624
0 0.1717119910941476 0.19310392482034275 0.03816793893129772 0.0949796472184532
0 0.17705550254452926 0.5126425951052818 0.05954198473282443 0.10447761194029855
0 0.22438374681933843 0.4760075883210212 0.03511450381679389 0.13161465400271366
0 0.3175135178117048 0.6116927986330972 0.06564885496183208 0.09633649932157398
0 0.46064328880407124 0.6469709533142369 0.04656488549618321 0.08276797829036635
0 0.5663684796437659 0.6340808583345897 0.05038167938931295 0.11668928086838538
0 0.6094982506361324 0.2283820795014825 0.055725190839694606 0.09497964721845317
0 0.6564448155216285 0.23380948791396552 0.061068702290076375 0.07327001356852104
0 0.8829238231552163 0.41901979998994926 0.04169847328244269 0.1234735413839891
0 0.8438493956743002 0.6734295693250917 0.07862595419847326 0.07327001356852107
0 0.987122296437659 0.479399718578823 0.024713740458015228 0.11397557666214382
0 0.9894123727735369 0.6591826222423238 0.02013358778625959 0.07734056987788333
