0 0.2079715330788804 0.20735087190311072 0.040458015267175566 0.11261872455902307
0 0.3946127544529262 0.2188841147796372 0.07022900763358778 0.08141112618724562
0 0.21713183842239184 0.6116927986330971 0.0450381679389313 0.10719131614654001
0 0.4579715330788804 0.5329953766520932 0.05190839694656487 0.10719131614654001
0 0.5037730597964376 0.4916113875069099 0.042748091603053415 0.11940298507462689
0 0.5587348918575065 0.6313671541283482 0.03511450381679389 0.11668928086838538
0 0.6533913804071247 0.65239836172672 0.0549618320610687 0.09362279511533247
0 0.7969028307888041 0.6700374390672899 0.08091603053435108 0.06648575305291721
0 0.81560512086514 0.25619754761545804 0.07099236641221379 0.07191316146540025
0 0.8836871819338422 0.23855847027488816 0.052958015267175536 0.10176390773405697
