0 0.0068264949109414766 0.25619754761545804 0.012213740458015267 0.058344640434192664
0 0.08010893765903308 0.20938615005779185 0.06870229007633588 0.07598371777476252
0 0.10110130407124682 0.3837416453088095 0.0450381679389313 0.11804613297150614
0 0.21560512086513994 0.4420862857430022 0.057251908396946584 0.1044776119402985
0 0.27323870865139954 0.39595331423689634 0.042748091603053415 0.1261872455902307
0 0.2301089376590331 0.63475928438615 0.05114503816793894 0.08005427408412484
0 0.37591046437659026 0.6300103020252275 0.05419847328244275 0.09769335142469474
0 0.4209486323155216 0.3647457158651189 0.03587786259541984 0.12075983717774764
0 0.44766618956743004 0.44751369415548514 0.058778625954198443 0.09905020352781543
0 0.47972725826972007 0.47532916226946076 0.04656488549618321 0.11126187245590231
0 0.5404142811704834 0.6422219709533143 0.05954198473282446 0.09226594301221172
0 0.6362158078880408 0.6571473440876426 0.06946564885496187 0.07598371777476258
0 0.6114066475826972 0.36271043771043776 0.033587786259541966 0.11668928086838538
0 0.6075898536895674 0.23788004422332779 0.0549618320610687 0.10854816824966075
0 0.680490617048346 0.24602115684205236 0.0633587786259542 0.07327001356852104
0 0.7423226781170483 0.24262902658425048 0.0633587786259542 0.07734056987788333
0 0.9909390903307888 0.5831989044675612 0.017080152671755756 0.08548168249660786
