0 0.047284510178117044 0.6245828936127444 0.06717557251908396 0.059701492537313446
0 0.09194099872773537 0.5825204784160007 0.06183206106870229 0.09497964721845323
0 0.16255168575063614 0.22634680134680135 0.07328244274809162 0.0773405698778833
0 0.22171199109414758 0.20260188954218805 0.0450381679389313 0.09226594301221164
0 0.297284510178117 0.3905259058244133 0.04656488549618321 0.11533242876526457
0 0.4209486323155216 0.45361952861952864 0.05572519083969466 0.10040705563093624
0 0.4072081743002544 0.640186692798633 0.037404580152671764 0.08548168249660786
0 0.47552878498727735 0.40545127895874167 0.03511450381679389 0.12347354138398914
0 0.5350707697201017 0.6496846575204784 0.06564885496183201 0.07462686567164183
0 0.6953761132315522 0.6585041961907634 0.07175572519083968 0.06784260515603796
0 0.6198035941475827 0.36474571586511884 0.041221374045801555 0.11261872455902307
0 0.6533913804071247 0.4556548067742098 0.05954198473282446 0.09905020352781549
0 0.6862158078880407 0.48754083119754765 0.048854961832061033 0.1221166892808684
0 0.8014829834605597 0.6557904919845219 0.045801526717557196 0.11126187245590237
0 0.8140784033078879 0.3749221066385246 0.038931297709923623 0.1221166892808684
0 0.8106432888040712 0.2521269913060958 0.0549618320610687 0.10719131614654002
0 0.8564448155216285 0.26637393838886375 0.053435114503816786 0.10040705563093624
0 0.8980478689567429 0.2643386602341826 0.055725190839694606 0.09362279511533245
