0 0.02896389949109415 0.5085720387959195 0.05343511450381679 0.11533242876526463
0 0.07514710559796438 0.4705801799085381 0.046564885496183206 0.12618724559023065
0 0.04728451017811705 0.19310392482034275 0.04427480916030535 0.07869742198100409
0 0.1533913804071247 0.5770930700035177 0.05496183206106872 0.09769335142469474
0 0.34055741094147585 0.6408651188501935 0.04608778625954196 0.07327001356852098
0 0.44346771628498727 0.6469709533142369 0.06564885496183208 0.07734056987788333
0 0.48354405216284985 0.22295467108899947 0.0587786259541985 0.0814111261872456
0 0.5369791666666667 0.23855847027488816 0.03893129770992368 0.11804613297150611
0 0.7274371819338422 0.4169845218352682 0.03816793893129772 0.12483039348710995
0 0.7327806933842238 0.6490062314689181 0.0366412213740458 0.11668928086838538
0 0.8516261132315522 0.479399718578823 0.052385496183206114 0.11397557666214382
0 0.8957577926208652 0.6795354037891351 0.07862595419847326 0.06648575305291721
0 0.9026280216284988 0.42716091260867384 0.0450381679389313 0.12347354138398914
