0 0.02133031170483461 0.5465638976833006 0.04274809160305343 0.09905020352781549
0 0.2430860368956743 0.6367945625408312 0.06793893129770992 0.07327001356852107
0 0.30300970101781177 0.6232260415096236 0.05954198473282446 0.08955223880597012
0 0.37209367048346054 0.2392368963264486 0.04198473282442746 0.12211668928086841
0 0.4346890903307888 0.22634680134680135 0.058778625954198443 0.0746268656716418
0 0.5854524491094147 0.4122355394743455 0.03969465648854964 0.11533242876526457
0 0.6125516857506361 0.6483278054173577 0.06030534351145036 0.09905020352781549
0 0.7087348918575065 0.47397231016634 0.051145038167938965 0.10312075983717779
0 0.7633150445292621 0.41630609578370775 0.041221374045801555 0.12075983717774769
0 0.7927043575063614 0.6490062314689181 0.0450381679389313 0.11940298507462689
0 0.9087348918575063 0.3742436805869642 0.04961832061068705 0.11261872455902307
0 0.9354524491094147 0.4739723101663401 0.06030534351145036 0.10040705563093624
0 0.9686585559796438 0.49975250012563444 0.05038167938931295 0.11668928086838533
0 0.9400326017811705 0.6551120659329615 0.0450381679389313 0.12075983717774764
0 0.9848322201017812 0.6720727172219709 0.029293893129770984 0.07869742198100409
