0 0.03292382315521628 0.25551912156389767 0.06688931297709924 0.07869742198100409
0 0.12438374681933843 0.19853133323282576 0.06259541984732825 0.062415196743554946
0 0.1598799300254453 0.3823847932056887 0.04656488549618321 0.11261872455902307
0 0.2789638994910941 0.4461568420523645 0.06030534351145036 0.10176390773405705
0 0.27972725826972006 0.6340808583345897 0.043511450381679376 0.08683853459972861
0 0.4255287849872773 0.6205123373033821 0.04198473282442746 0.1221166892808684
0 0.3381242048346056 0.3979885923915774 0.03816793893129772 0.11940298507462684
0 0.4831623727735369 0.36338886376199814 0.03969465648854964 0.12347354138398914
0 0.5083532124681934 0.4461568420523644 0.05801526717557248 0.09905020352781543
0 0.5432291666666667 0.4760075883210212 0.046851145038167986 0.10990502035278156
0 0.5896509223918576 0.6354377104377105 0.0450381679389313 0.11397557666214388
0 0.6816356552162849 0.6551120659329615 0.06564885496183201 0.08819538670284936
0 0.6755287849872774 0.3640672898135585 0.03511450381679389 0.1221166892808684
0 0.6705669529262086 0.24262902658425048 0.06030534351145036 0.09362279511533245
0 0.7289638994910942 0.24602115684205236 0.061068702290076375 0.08683853459972861
0 0.7877425254452927 0.25280541735765616 0.05954198473282446 0.09769335142469474
