0 0.034689090330788805 0.18835494245942008 0.0633587786259542 0.10990502035278156
0 0.011549777353689568 0.6008379818081311 0.024141221374045802 0.06648575305291721
0 0.2690402353689567 0.20328031559374843 0.05114503816793891 0.10990502035278153
0 0.27591046437659034 0.6245828936127444 0.06183206106870231 0.09226594301221172
0 0.4392692430025445 0.22770365344992213 0.05419847328244275 0.10176390773405702
0 0.5354524491094148 0.5323169506005329 0.0541984732824428 0.10312075983717775
0 0.582399013994911 0.4983956480225138 0.03511450381679389 0.12483039348710995
0 0.614078403307888 0.6259397457158652 0.058778625954198443 0.10312075983717785
0 0.7182768765903308 0.6530767877782804 0.0366412213740458 0.10583446404341926
0 0.8541547391857506 0.6646100306548068 0.07175572519083968 0.09362279511533247
0 0.8774371819338422 0.23991532237800897 0.07404580152671751 0.08276797829036638
0 0.9424658078880407 0.24262902658425053 0.04780534351145036 0.09362279511533247
