0 0.14194099872773536 0.6279750238705464 0.04274809160305343 0.08005427408412484
0 0.21713183842239184 0.6225476154580633 0.066412213740458 0.101763907734057
0 0.28468909033078876 0.2222762450374391 0.07022900763358778 0.08276797829036635
0 0.34613947201017814 0.20735087190311075 0.04809160305343513 0.10176390773405702
0 0.44804786895674303 0.4047728529071813 0.0412213740458015 0.11668928086838538
0 0.5163684796437659 0.6578257701392031 0.06641221374045797 0.06919945725915871
0 0.6675135178117048 0.6476493793657974 0.06030534351145036 0.10583446404341926
0 0.5694219147582698 0.4637959193929344 0.05190839694656487 0.10176390773405705
0 0.6240020674300254 0.41630609578370775 0.038931297709923623 0.1234735413839891
0 0.7717119910941475 0.3762789587416453 0.045801526717557196 0.11940298507462684
0 0.8060631361323156 0.46786647570229656 0.06259541984732829 0.09905020352781543
0 0.8247654262086513 0.6625747525001258 0.06793893129770995 0.09226594301221172
0 0.9049180979643766 0.6734295693250917 0.07709923664122134 0.06784260515603796
0 0.8381242048346056 0.49771722197095336 0.053435114503816786 0.11804613297150608
0 0.9427043575063614 0.2623033820795015 0.03969465648854964 0.11940298507462689
0 0.9575898536895674 0.38238479320568874 0.04045801526717554 0.12075983717774764
0 0.9774371819338422 0.29893838886376206 0.04198473282442746 0.11397557666214382
0 0.9917024491094147 0.2568759736670184 0.015553435114503836 0.062415196743554946
