0 0.10987993002544529 0.2039587416453088 0.0687022900763359 0.062415196743554946
0 0.29155931933842244 0.1998881853359465 0.04580152671755725 0.10312075983717772
0 0.13010893765903309 0.627296597818986 0.06641221374045803 0.07869742198100409
0 0.31331504452926207 0.530960098497412 0.058778625954198443 0.10040705563093624
0 0.35949825063613233 0.4909329614553496 0.03816793893129772 0.12347354138398914
0 0.4465211513994911 0.6388298406955124 0.06564885496183208 0.08276797829036635
0 0.5457577926208651 0.6571473440876427 0.06564885496183208 0.06784260515603796
0 0.6896509223918574 0.6415435449017539 0.04045801526717554 0.11804613297150614
0 0.7184200063613233 0.23245263581084477 0.036927480916030576 0.10583446404341927
0 0.7614066475826972 0.2372016181717674 0.058778625954198443 0.08819538670284942
0 0.9541547391857506 0.6734295693250917 0.07175572519083968 0.07055630936227957
