0 0.01015625,0.45972222222222225,0.021875000000000002,0.05277777777777776
0 0.6296875,0.36944444444444446,0.03749999999999998,0.06666666666666665
0 0.5421875,0.6333333333333333,0.03749999999999998,0.06666666666666665
0 1.4890625,0.4513888888888889,0.03750000000000009,0.06944444444444442
0 1.40859375,0.6430555555555556,0.03749999999999987,0.06666666666666665
0 1.50625,0.6791666666666667,0.018750000000000044,0.06666666666666665
0 1.50625,0.4423611111111111,0.018750000000000044,0.07361111111111113
0 1.41015625,0.41805555555555557,0.03750000000000009,0.06944444444444442
0 1.2625,0.4166666666666667,0.03750000000000009,0.06666666666666665
0 1.35234375,0.4527777777777778,0.03750000000000009,0.06666666666666665
0 1.3765625,0.42083333333333334,0.03749999999999987,0.050000000000000044
0 1.24375,0.6145833333333334,0.018750000000000044,0.0625
0 1.3,0.5333333333333333,0.03750000000000009,0.06666666666666665
0 1.50625,0.6791666666666667,0.018750000000000044,0.06666666666666665
0 1.50625,0.7055555555555556,0.018750000000000044,0.06666666666666665
0 1.5109375,0.6527777777777778,0.009374999999999911,0.06666666666666665
0 1.5109375,0.40555555555555556,0.009374999999999911,0.06666666666666665
0 1.5109375,0.6597222222222222,0.009374999999999911,0.06666666666666665
0 1.512890625,0.5395833333333333,0.005468749999999911,0.07916666666666672
0 1.512890625,0.7111111111111111,0.005468749999999911,0.06944444444444442
0 1.5109375,0.7097222222222223,0.009374999999999911,0.06666666666666665
0 1.5109375,0.7097222222222223,0.009374999999999911,0.06666666666666665
0 1.512890625,0.6791666666666667,0.005468749999999911,0.06666666666666665
0 1.512890625,0.6791666666666667,0.005468749999999911,0.06666666666666665
0 1.40859375,0.55,0.03749999999999987,0.06666666666666665
0 1.046875,0.5277777777777778,0.03750000000000009,0.06944444444444442
0 1.02578125,0.4,0.03749999999999987,0.06666666666666671
0 1.16640625,0.6125,0.03749999999999987,0.06666666666666665
0 1.13125,0.4222222222222222,0.03749999999999987,0.06666666666666665
0 1.20234375,0.4125,0.03750000000000009,0.06666666666666671
0 1.1609375,0.6055555555555555,0.03750000000000009,0.06666666666666665
0 1.2625,0.4166666666666667,0.03750000000000009,0.06666666666666665
0 1.266015625,0.5333333333333333,0.038281250000000044,0.06666666666666665
0 1.266015625,0.5333333333333333,0.038281250000000044,0.06666666666666665
0 1.40859375,0.6430555555555556,0.03749999999999987,0.06666666666666665
0 1.409375,0.6430555555555556,0.0390625,0.06666666666666665
0 1.50625,0.41944444444444445,0.018750000000000044,0.06666666666666665
0 1.50625,0.7861111111111111,0.018750000000000044,0.06666666666666665
0 1.50625,0.5395833333333333,0.018750000000000044,0.07916666666666672
0 1.50625,0.6597222222222222,0.018750000000000044,0.06666666666666665
0 1.504296875,0.4263888888888889,0.022656250000000044,0.06666666666666665
0 1.51015625,0.65,0.010937500000000044,0.06666666666666665
0 1.5109375,0.4263888888888889,0.009374999999999911,0.06666666666666665
0 1.51015625,0.4027777777777778,0.010937500000000044,0.06666666666666665
0 1.51015625,0.65,0.010937500000000044,0.06666666666666665
0 1.51171875,0.5395833333333333,0.0078125,0.07916666666666672
0 0.751953125,0.3833333333333333,0.03359375000000009,0.06666666666666671
0 0.771484375,0.48124999999999996,0.024218749999999956,0.062499999999999944
0 0.896484375,0.41805555555555557,0.03359375000000009,0.06944444444444442
0 0.78984375,0.5125,0.03749999999999998,0.0666666666666666
0 0.7992187500000001,0.6388888888888888,0.03749999999999998,0.06666666666666676
0 0.8648437499999999,0.6006944444444444,0.03749999999999998,0.07638888888888884
0 0.897265625,0.5958333333333333,0.04296875,0.06666666666666665
0 0.8999999999999999,0.6,0.03749999999999998,0.06666666666666665
0 0.8999999999999999,0.6,0.03749999999999998,0.06666666666666665
0 1.05625,0.39305555555555555,0.03749999999999987,0.06666666666666665
0 1.1609375,0.6055555555555555,0.03750000000000009,0.06666666666666665
0 1.266015625,0.5333333333333333,0.038281250000000044,0.06666666666666665
0 1.266015625,0.5347222222222222,0.038281250000000044,0.06944444444444442
0 1.35234375,0.4527777777777778,0.03750000000000009,0.06666666666666665
0 1.36171875,0.7027777777777777,0.03749999999999987,0.06666666666666676
0 1.496875,0.70625,0.03750000000000009,0.07361111111111118
0 1.39140625,0.7027777777777777,0.03750000000000009,0.06666666666666676
0 1.50625,0.6763888888888889,0.018750000000000044,0.06666666666666665
0 1.50625,0.6694444444444444,0.018750000000000044,0.06666666666666665
0 1.50625,0.6791666666666667,0.018750000000000044,0.06666666666666665
0 1.505078125,0.6527777777777778,0.02109374999999991,0.06666666666666665
0 1.50625,0.6611111111111111,0.018750000000000044,0.06944444444444442
0 1.50625,0.4625,0.018750000000000044,0.06666666666666671
0 1.508203125,0.4625,0.014843750000000044,0.06666666666666671
0 0.54453125,0.6333333333333333,0.035937499999999956,0.06666666666666665
0 0.6714843749999999,0.6097222222222223,0.05234375000000002,0.06666666666666676
0 0.6296875,0.36944444444444446,0.03749999999999998,0.06666666666666665
0 0.751953125,0.3833333333333333,0.038281250000000044,0.06666666666666671
0 0.7554687499999999,0.3833333333333333,0.03749999999999998,0.06666666666666671
0 0.81953125,0.4166666666666667,0.04062500000000002,0.06666666666666665
0 0.944140625,0.5194444444444445,0.03984375000000007,0.06666666666666671
0 0.91484375,0.4166666666666667,0.03749999999999998,0.06666666666666665
0 0.87578125,0.6513888888888889,0.03749999999999998,0.06944444444444442
0 0.8999999999999999,0.6,0.03749999999999998,0.06666666666666665
0 0.8999999999999999,0.6,0.03749999999999998,0.06666666666666665
0 0.897265625,0.5958333333333333,0.04296875,0.06666666666666665
0 0.901171875,0.6,0.03984375000000007,0.06666666666666665
0 1.0125,0.6097222222222223,0.03749999999999998,0.06666666666666676
0 1.14375,0.4263888888888889,0.03750000000000009,0.06666666666666665
0 1.266015625,0.5333333333333333,0.038281250000000044,0.06666666666666665
0 1.266015625,0.5333333333333333,0.038281250000000044,0.06666666666666665
0 1.37890625,0.6993055555555556,0.03750000000000009,0.07361111111111118
0 1.421875,0.6479166666666667,0.03750000000000009,0.07638888888888884
0 1.4609375,0.7055555555555556,0.03750000000000009,0.06666666666666665
0 1.499609375,0.7055555555555556,0.028906250000000133,0.06666666666666665
0 1.490234375,0.45,0.03984375000000018,0.06666666666666665
0 0.2671875,0.3597222222222222,0.02812500000000001,0.06666666666666665
0 0.28125,0.5166666666666667,0.03749999999999998,0.06666666666666671
0 0.382421875,0.3597222222222222,0.04453124999999997,0.06666666666666665
0 0.32578125,0.5131944444444445,0.03750000000000003,0.07361111111111118
0 0.28671875,0.6645833333333333,0.03750000000000003,0.0708333333333333
0 0.328125,0.6291666666666667,0.03749999999999998,0.06666666666666665
0 0.328125,0.6291666666666667,0.03749999999999998,0.06666666666666665
0 0.371875,0.6291666666666667,0.0390625,0.06666666666666665
0 0.4125,0.6291666666666667,0.03750000000000003,0.06666666666666665
0 0.4796875,0.6333333333333333,0.03749999999999998,0.06666666666666665
0 0.518359375,0.6291666666666667,0.03984375000000007,0.06666666666666665
0 0.5890625,0.6277777777777778,0.03749999999999998,0.06944444444444442
0 0.611328125,0.41944444444444445,0.04453124999999991,0.06666666666666665
0 0.628125,0.4222222222222222,0.03749999999999998,0.06666666666666665
0 0.751953125,0.3833333333333333,0.038281250000000044,0.06666666666666671
0 0.76875,0.37916666666666665,0.03749999999999998,0.06666666666666665
0 0.7859375,0.65,0.04843750000000002,0.06666666666666665
0 0.9453125,0.5194444444444445,0.03750000000000009,0.06666666666666671
0 0.8832031250000001,0.4166666666666667,0.04140624999999998,0.06666666666666665
0 0.90234375,0.5993055555555555,0.03750000000000009,0.07916666666666661
0 0.965625,0.6027777777777777,0.03749999999999998,0.06666666666666665
0 0.980859375,0.6027777777777777,0.038281250000000044,0.06666666666666665
0 0.980859375,0.6027777777777777,0.038281250000000044,0.06666666666666665
0 1.0125,0.6097222222222223,0.03749999999999998,0.06666666666666676
0 1.10625,0.3833333333333333,0.03750000000000009,0.06666666666666671
0 1.251953125,0.6125,0.04296875,0.06666666666666665
0 0.06796875,0.5027777777777778,0.0375,0.06666666666666665
0 0.012890625,0.6027777777777777,0.02578125,0.06666666666666665
0 0.052343749999999994,0.6180555555555556,0.0375,0.06666666666666665
0 0.084375,0.5680555555555555,0.03749999999999999,0.06666666666666665
0 0.08046875,0.6138888888888889,0.03749999999999999,0.06666666666666665
0 0.1453125,0.6111111111111112,0.037500000000000006,0.07777777777777783
0 0.15000000000000002,0.39444444444444443,0.037500000000000006,0.06666666666666665
0 0.1796875,0.4111111111111111,0.03749999999999998,0.06666666666666665
0 0.19570312499999998,0.43333333333333335,0.041406250000000006,0.06666666666666665
0 0.253125,0.55,0.03749999999999998,0.06666666666666665
0 0.32421875,0.4083333333333333,0.03749999999999998,0.06666666666666665
0 0.253125,0.6222222222222222,0.03749999999999998,0.06666666666666665
0 0.290625,0.5916666666666667,0.03750000000000003,0.06666666666666665
0 0.2765625,0.6291666666666667,0.03749999999999998,0.06666666666666665
0 0.29296875,0.5305555555555556,0.03749999999999998,0.06666666666666665
0 0.3515625,0.5465277777777777,0.03749999999999998,0.07361111111111118
0 0.32734375,0.4097222222222222,0.03749999999999998,0.06666666666666665
0 0.3375,0.6180555555555556,0.03750000000000003,0.08333333333333337
0 0.36015625,0.6361111111111111,0.03749999999999998,0.0805555555555556
0 0.42890625,0.6333333333333333,0.03749999999999998,0.06666666666666665
0 0.45625,0.6361111111111111,0.03749999999999998,0.06666666666666665
0 0.5265625,0.6277777777777778,0.03749999999999998,0.06666666666666665
0 0.5464843749999999,0.4222222222222222,0.04140624999999998,0.06666666666666665
0 0.578125,0.4166666666666667,0.03750000000000009,0.06666666666666665
0 0.706640625,0.4305555555555556,0.04296875,0.06666666666666671
0 0.7632812499999999,0.43333333333333335,0.03749999999999998,0.06666666666666665
0 0.7765625,0.6527777777777778,0.03749999999999998,0.06666666666666665
0 0.875,0.4375,0.03750000000000009,0.06666666666666665
0 0.909375,0.5208333333333334,0.03749999999999998,0.06666666666666671
0 0.915234375,0.6541666666666667,0.04296875,0.06666666666666665
0 0.9273437499999999,0.6083333333333334,0.03749999999999998,0.06666666666666676
0 0.94921875,0.6333333333333333,0.03750000000000009,0.06666666666666665
0 0.962109375,0.6611111111111111,0.03984375000000007,0.06666666666666665
0 0.982421875,0.6611111111111111,0.03515625,0.06666666666666665
